55240303420
75166288135
89925249234
78563934838
54674210333
85559012694
55104334308
64077455986
88565169857
75946686455
67523107870
69153202354
58836080292
64602462357
85649180988
63143259286
69741620005
64093680791
59772479255
54776352622
78582898634
60366844681
83342725453
62300317774
96423977781
99551192569
98920931179
84916006502
60379714449
56518149469
84662155497
72347097616
65021707917
99936886923
91378692117
53154608214
56238334535
65769468685
67290342028
67954781455
71194116786
83856674521
97806444076
73844200185
80333505088
90141379225
82046631103
70350703688
81498953511
52320156963
60618872545
70634514299
77894674935
60962068616
65549907976
56215026360
65951239657
53092329929
94678799695
72035073322
56141760435
80635826941
58642646254
85960954096
90166403932
76369093296
55671503572
72389956007
51979376880
71481953637
89421365548
72921543352
55904651615
76172583056
71849231087
56929512790
72051593242
82239097529
73382727618
73465400715
82945522587
99767882838
74869104547
77332659856
62945334527
68169996627
81518887457
89124950214
78146599689
81278926475
90068977952
94698859224
55652497085
60882565562
97094755904
95554827903
79276363781
71000041352
88081338084
78836219606
80880446695
91998283665
57227135130
60630326737
92693735639
93489712985
98844014437
71746935166
84092819657
78440231651
62519109965
80520847361
52183817185
52579180934
88751354337
55936468094
81031278639
87070302893
60951363983
59897232002
70860959327
62590380057
85599099859
94962713953
95353899946
61809975640
66946525757
58595194834
91797646731
80707458643
96997710963
80141803479
74284975110
60895638641
81557567911
61327464906
90977024080
88662259939
98174693950
77925807923
62333164398
56611917253
54703156995
99711080067
87742357519
51308397010
73376342482
96896051637
72352822332
54155763467
54955184315
71060607260
96245655251
57446730861
77640130493
64898474974
94926349463
80120292483
73795095731
65076452139
93332320665
52956069399
77502444787
68083691990
81535453110
53979120257
79704632140
64484468207
92916009311
76568515590
72709671550
69442289348
98045318441
59739976241
97377767245
86056647878
70351926568
50507349990
63466269375
97456333135
87890948414
95681397152
50050529504
92451010432
73256177430
56122098800
80104287250
55325544218
56394282368
78988092288
55857411095
61585862703
93158734488
81802023782
53313536255
80477389469
98817755816
77084240086
97285320602
69768782785
72021528937
52931962682
69820291475
78648272156
79626336548
90985233005
80672205608
95021922044
74199819551
58064454682
75202713140
67293968439
62958871811
58208485022
76868336806
57586895861
85503767854
54064284115
71869425511
53829975185
98487189146
87895535319
73173241704
89755332547
52611847755
95989746016
77039313621
97349000473
97372145282
70666178166
96691816639
55828819904
95047391345
54708621613
83111294711
82136173399
76537551926
95968985759
90897902690
89221737542
63653432986
71471181083
62703457830
99150567836
59049145576
73831696409
72302709782
81789448061
68880831746
69076203946
76570329508
96182266092
87912940598
71082828112
85022829860
98819222783
89849424381
70457855293
97974488876
89390018861
92415584768
58008400770
94963912002
92629108036
97902001714
93587969379
84339276919
94720238776
86028390372
69230680545
61795046751
65451412115
64089269763
56329416073
73507751634
86288962101
59408882515
90865274127
65389229442
88221565053
67278584012
69725210568
61505160734
95833612058
68402003694
96442875450
79312953246
65130465055
83199681960
70487736566
62802943270
85820865425
55607341550
88695776609
53823174170
96957351731
58088574659
91082861330
54519002602
63782639305